timestamp,datetime,date,price_usd,volume_usd,high_usd,low_usd,open_usd,source,price_change_pct,volume_change_pct,proposal_id,dao,proposal_title,proposal_start,proposal_end,activist_score,detection_methods,days_from_proposal
1629849600000,2021-08-25,2021-08-25,0.9883549809455872,60296632.61220127,1.0118459463119507,0.9355850219726562,0.9682610034942627,yahoo_finance,,,0x37c43adb3a880c5ea4726b6174b62e884d5c275a6a6e50590964b4f6ff1a7f17,fei.eth,FIP-44: PCV Allocation into Idle Finance,2021-11-23 13:14:23,2021-12-03 13:14:23,0.15,"['sentiment_analysis', 'structural_analysis']",-91
1629936000000,2021-08-26,2021-08-26,0.9949139952659607,47631098.613705814,1.011875033378601,0.9828580021858215,0.9887719750404358,yahoo_finance,0.663629409151989,-21.005375341528666,0x37c43adb3a880c5ea4726b6174b62e884d5c275a6a6e50590964b4f6ff1a7f17,fei.eth,FIP-44: PCV Allocation into Idle Finance,2021-11-23 13:14:23,2021-12-03 13:14:23,0.15,"['sentiment_analysis', 'structural_analysis']",-90
1630022400000,2021-08-27,2021-08-27,0.9929590225219727,32082983.63097477,1.0096490383148193,0.9873219728469849,0.9949510097503662,yahoo_finance,-0.19649665732819344,-32.642780526286415,0x37c43adb3a880c5ea4726b6174b62e884d5c275a6a6e50590964b4f6ff1a7f17,fei.eth,FIP-44: PCV Allocation into Idle Finance,2021-11-23 13:14:23,2021-12-03 13:14:23,0.15,"['sentiment_analysis', 'structural_analysis']",-89
1630108800000,2021-08-28,2021-08-28,0.994346022605896,14419252.305545568,0.9998459815979004,0.988070011138916,0.9929310083389282,yahoo_finance,0.13968351688879999,-55.056386053744745,0x37c43adb3a880c5ea4726b6174b62e884d5c275a6a6e50590964b4f6ff1a7f17,fei.eth,FIP-44: PCV Allocation into Idle Finance,2021-11-23 13:14:23,2021-12-03 13:14:23,0.15,"['sentiment_analysis', 'structural_analysis']",-88
1630195200000,2021-08-29,2021-08-29,0.9976509809494019,28217853.65456128,1.002524971961975,0.9843990206718445,0.9943339824676514,yahoo_finance,0.3323750755139132,95.69567864284365,0x37c43adb3a880c5ea4726b6174b62e884d5c275a6a6e50590964b4f6ff1a7f17,fei.eth,FIP-44: PCV Allocation into Idle Finance,2021-11-23 13:14:23,2021-12-03 13:14:23,0.15,"['sentiment_analysis', 'structural_analysis']",-87
1630281600000,2021-08-30,2021-08-30,0.9914609789848328,22737239.076022804,1.004220962524414,0.9861930012702942,0.996973991394043,yahoo_finance,-0.6204576633281556,-19.42250691931192,0x37c43adb3a880c5ea4726b6174b62e884d5c275a6a6e50590964b4f6ff1a7f17,fei.eth,FIP-44: PCV Allocation into Idle Finance,2021-11-23 13:14:23,2021-12-03 13:14:23,0.15,"['sentiment_analysis', 'structural_analysis']",-86
1630368000000,2021-08-31,2021-08-31,0.9991480112075806,33850237.384798765,1.0040839910507202,0.988083004951477,0.9910939931869507,yahoo_finance,0.7753237278807168,48.87575959253117,0x37c43adb3a880c5ea4726b6174b62e884d5c275a6a6e50590964b4f6ff1a7f17,fei.eth,FIP-44: PCV Allocation into Idle Finance,2021-11-23 13:14:23,2021-12-03 13:14:23,0.15,"['sentiment_analysis', 'structural_analysis']",-85
1630454400000,2021-09-01,2021-09-01,0.9993780255317688,47098711.57233381,1.0348459482192993,0.9900169968605042,0.9988560080528259,yahoo_finance,0.02302104609208655,39.138497130553596,0x37c43adb3a880c5ea4726b6174b62e884d5c275a6a6e50590964b4f6ff1a7f17,fei.eth,FIP-44: PCV Allocation into Idle Finance,2021-11-23 13:14:23,2021-12-03 13:14:23,0.15,"['sentiment_analysis', 'structural_analysis']",-84
1630540800000,2021-09-02,2021-09-02,0.9989510178565979,28163246.23524785,1.0063689947128296,0.9953060150146484,0.9993770122528076,yahoo_finance,-0.042727342833426274,-40.20378627131876,0x37c43adb3a880c5ea4726b6174b62e884d5c275a6a6e50590964b4f6ff1a7f17,fei.eth,FIP-44: PCV Allocation into Idle Finance,2021-11-23 13:14:23,2021-12-03 13:14:23,0.15,"['sentiment_analysis', 'structural_analysis']",-83
1630627200000,2021-09-03,2021-09-03,1.0035760402679443,32110632.746109724,1.0107929706573486,0.9959200024604797,0.9986379742622375,yahoo_finance,0.46298790718188876,14.016092029623707,0x37c43adb3a880c5ea4726b6174b62e884d5c275a6a6e50590964b4f6ff1a7f17,fei.eth,FIP-44: PCV Allocation into Idle Finance,2021-11-23 13:14:23,2021-12-03 13:14:23,0.15,"['sentiment_analysis', 'structural_analysis']",-82
1630713600000,2021-09-04,2021-09-04,0.999767005443573,17333801.377426803,1.0087549686431885,0.9971740245819092,1.0032140016555786,yahoo_finance,-0.37954620990695576,-46.018499496784806,0x37c43adb3a880c5ea4726b6174b62e884d5c275a6a6e50590964b4f6ff1a7f17,fei.eth,FIP-44: PCV Allocation into Idle Finance,2021-11-23 13:14:23,2021-12-03 13:14:23,0.15,"['sentiment_analysis', 'structural_analysis']",-81
1630800000000,2021-09-05,2021-09-05,1.0126750469207764,34975675.57909536,1.0155110359191895,0.9962409734725952,1.0004140138626099,yahoo_finance,1.2911049681496811,101.7772952252871,0x37c43adb3a880c5ea4726b6174b62e884d5c275a6a6e50590964b4f6ff1a7f17,fei.eth,FIP-44: PCV Allocation into Idle Finance,2021-11-23 13:14:23,2021-12-03 13:14:23,0.15,"['sentiment_analysis', 'structural_analysis']",-80
1630886400000,2021-09-06,2021-09-06,1.0078450441360474,23025531.239690423,1.0199719667434692,1.000504970550537,1.012477993965149,yahoo_finance,-0.47695485332788223,-34.16701505130448,0x37c43adb3a880c5ea4726b6174b62e884d5c275a6a6e50590964b4f6ff1a7f17,fei.eth,FIP-44: PCV Allocation into Idle Finance,2021-11-23 13:14:23,2021-12-03 13:14:23,0.15,"['sentiment_analysis', 'structural_analysis']",-79
1630972800000,2021-09-07,2021-09-07,0.9935619831085205,94332540.27623892,1.011652946472168,0.9202229976654053,1.0078619718551636,yahoo_finance,-1.4171881987841362,309.6867051372632,0x37c43adb3a880c5ea4726b6174b62e884d5c275a6a6e50590964b4f6ff1a7f17,fei.eth,FIP-44: PCV Allocation into Idle Finance,2021-11-23 13:14:23,2021-12-03 13:14:23,0.15,"['sentiment_analysis', 'structural_analysis']",-78
1631059200000,2021-09-08,2021-09-08,0.9976069927215576,66148936.404260874,1.006453037261963,0.9864529967308044,0.9950839877128601,yahoo_finance,0.4071220197437109,-29.876863052183822,0x37c43adb3a880c5ea4726b6174b62e884d5c275a6a6e50590964b4f6ff1a7f17,fei.eth,FIP-44: PCV Allocation into Idle Finance,2021-11-23 13:14:23,2021-12-03 13:14:23,0.15,"['sentiment_analysis', 'structural_analysis']",-77
1631145600000,2021-09-09,2021-09-09,0.9948890209197998,44739795.14138174,1.006132960319519,0.9761009812355042,0.9949489831924438,yahoo_finance,-0.27244915298186845,-32.36505743953292,0x37c43adb3a880c5ea4726b6174b62e884d5c275a6a6e50590964b4f6ff1a7f17,fei.eth,FIP-44: PCV Allocation into Idle Finance,2021-11-23 13:14:23,2021-12-03 13:14:23,0.15,"['sentiment_analysis', 'structural_analysis']",-76
1631232000000,2021-09-10,2021-09-10,1.0003889799118042,42905128.7439425,1.0060030221939087,0.9876469969749451,0.9948390126228333,yahoo_finance,0.552821357594202,-4.100748319569936,0x37c43adb3a880c5ea4726b6174b62e884d5c275a6a6e50590964b4f6ff1a7f17,fei.eth,FIP-44: PCV Allocation into Idle Finance,2021-11-23 13:14:23,2021-12-03 13:14:23,0.15,"['sentiment_analysis', 'structural_analysis']",-75
1631318400000,2021-09-11,2021-09-11,0.9987959861755371,23160442.89158535,1.0077309608459473,0.989753007888794,1.0003459453582764,yahoo_finance,-0.15923743346388797,-46.019407074136275,0x37c43adb3a880c5ea4726b6174b62e884d5c275a6a6e50590964b4f6ff1a7f17,fei.eth,FIP-44: PCV Allocation into Idle Finance,2021-11-23 13:14:23,2021-12-03 13:14:23,0.15,"['sentiment_analysis', 'structural_analysis']",-74
1631404800000,2021-09-12,2021-09-12,0.9995890259742737,26291228.545558333,1.007733941078186,0.9903900027275085,0.9985039830207825,yahoo_finance,0.07939957806331055,13.517814269046035,0x37c43adb3a880c5ea4726b6174b62e884d5c275a6a6e50590964b4f6ff1a7f17,fei.eth,FIP-44: PCV Allocation into Idle Finance,2021-11-23 13:14:23,2021-12-03 13:14:23,0.15,"['sentiment_analysis', 'structural_analysis']",-73
1631491200000,2021-09-13,2021-09-13,0.9976239800453186,74332862.99077868,1.0248830318450928,0.9854080080986023,0.9994360208511353,yahoo_finance,-0.19658538438233064,182.72875442839108,0x37c43adb3a880c5ea4726b6174b62e884d5c275a6a6e50590964b4f6ff1a7f17,fei.eth,FIP-44: PCV Allocation into Idle Finance,2021-11-23 13:14:23,2021-12-03 13:14:23,0.15,"['sentiment_analysis', 'structural_analysis']",-72
1631577600000,2021-09-14,2021-09-14,0.9962419867515564,23377538.502081692,1.0070489645004272,0.9912999868392944,0.9979810118675232,yahoo_finance,-0.13852847579901573,-68.55019763602839,0x37c43adb3a880c5ea4726b6174b62e884d5c275a6a6e50590964b4f6ff1a7f17,fei.eth,FIP-44: PCV Allocation into Idle Finance,2021-11-23 13:14:23,2021-12-03 13:14:23,0.15,"['sentiment_analysis', 'structural_analysis']",-71
1631664000000,2021-09-15,2021-09-15,1.0037389993667603,22231550.10987854,1.0112890005111694,0.991346001625061,0.9964690208435059,yahoo_finance,0.7525292765113489,-4.902091775407003,0x37c43adb3a880c5ea4726b6174b62e884d5c275a6a6e50590964b4f6ff1a7f17,fei.eth,FIP-44: PCV Allocation into Idle Finance,2021-11-23 13:14:23,2021-12-03 13:14:23,0.15,"['sentiment_analysis', 'structural_analysis']",-70
1631750400000,2021-09-16,2021-09-16,1.0099849700927734,31665674.97303009,1.0223079919815063,0.9973589777946472,1.0042259693145752,yahoo_finance,0.622270403954972,42.435749268601455,0x37c43adb3a880c5ea4726b6174b62e884d5c275a6a6e50590964b4f6ff1a7f17,fei.eth,FIP-44: PCV Allocation into Idle Finance,2021-11-23 13:14:23,2021-12-03 13:14:23,0.15,"['sentiment_analysis', 'structural_analysis']",-69
1631836800000,2021-09-17,2021-09-17,1.000296950340271,26081017.46788323,1.0103060007095337,0.9920210242271423,1.0102709531784058,yahoo_finance,-0.9592241507923149,-17.636312852649937,0x37c43adb3a880c5ea4726b6174b62e884d5c275a6a6e50590964b4f6ff1a7f17,fei.eth,FIP-44: PCV Allocation into Idle Finance,2021-11-23 13:14:23,2021-12-03 13:14:23,0.15,"['sentiment_analysis', 'structural_analysis']",-68
1631923200000,2021-09-18,2021-09-18,0.9997199773788452,21380611.26821041,1.0049339532852173,0.9956759810447693,0.9996269941329956,yahoo_finance,-0.0576801679970651,-18.022326795574628,0x37c43adb3a880c5ea4726b6174b62e884d5c275a6a6e50590964b4f6ff1a7f17,fei.eth,FIP-44: PCV Allocation into Idle Finance,2021-11-23 13:14:23,2021-12-03 13:14:23,0.15,"['sentiment_analysis', 'structural_analysis']",-67
1632009600000,2021-09-19,2021-09-19,1.0003089904785156,20831196.653175354,1.0102139711380005,0.9906529784202576,0.9999949932098389,yahoo_finance,0.058917808286151896,-2.5696861897112844,0x37c43adb3a880c5ea4726b6174b62e884d5c275a6a6e50590964b4f6ff1a7f17,fei.eth,FIP-44: PCV Allocation into Idle Finance,2021-11-23 13:14:23,2021-12-03 13:14:23,0.15,"['sentiment_analysis', 'structural_analysis']",-66
1632096000000,2021-09-20,2021-09-20,0.9999390244483948,121632407.94457346,1.0862829685211182,0.9926159977912903,1.0003620386123657,yahoo_finance,-0.036985174945181054,483.89544282868985,0x37c43adb3a880c5ea4726b6174b62e884d5c275a6a6e50590964b4f6ff1a7f17,fei.eth,FIP-44: PCV Allocation into Idle Finance,2021-11-23 13:14:23,2021-12-03 13:14:23,0.15,"['sentiment_analysis', 'structural_analysis']",-65
1632182400000,2021-09-21,2021-09-21,0.9986169934272766,71383567.33224177,1.0075130462646484,0.9871100187301636,0.9991289973258972,yahoo_finance,-0.13221116376045394,-41.31204952814017,0x37c43adb3a880c5ea4726b6174b62e884d5c275a6a6e50590964b4f6ff1a7f17,fei.eth,FIP-44: PCV Allocation into Idle Finance,2021-11-23 13:14:23,2021-12-03 13:14:23,0.15,"['sentiment_analysis', 'structural_analysis']",-64
1632268800000,2021-09-22,2021-09-22,1.0009080171585083,58064489.72250819,1.006085991859436,0.9928069710731506,0.9987729787826538,yahoo_finance,0.2294196620236555,-18.658464556334607,0x37c43adb3a880c5ea4726b6174b62e884d5c275a6a6e50590964b4f6ff1a7f17,fei.eth,FIP-44: PCV Allocation into Idle Finance,2021-11-23 13:14:23,2021-12-03 13:14:23,0.15,"['sentiment_analysis', 'structural_analysis']",-63
1632355200000,2021-09-23,2021-09-23,1.0027819871902466,20018176.81154549,1.0054550170898438,0.995419979095459,1.0014539957046509,yahoo_finance,0.18722699784725627,-65.52423536792811,0x37c43adb3a880c5ea4726b6174b62e884d5c275a6a6e50590964b4f6ff1a7f17,fei.eth,FIP-44: PCV Allocation into Idle Finance,2021-11-23 13:14:23,2021-12-03 13:14:23,0.15,"['sentiment_analysis', 'structural_analysis']",-62
1632441600000,2021-09-24,2021-09-24,0.9994009733200073,61861672.99609375,1.0207769870758057,0.989192008972168,1.0028070211410522,yahoo_finance,-0.3371634027564352,209.02750824148484,0x37c43adb3a880c5ea4726b6174b62e884d5c275a6a6e50590964b4f6ff1a7f17,fei.eth,FIP-44: PCV Allocation into Idle Finance,2021-11-23 13:14:23,2021-12-03 13:14:23,0.15,"['sentiment_analysis', 'structural_analysis']",-61
1632528000000,2021-09-25,2021-09-25,1.0000519752502441,51753792.776528835,1.0132410526275635,0.992946982383728,0.9999359846115112,yahoo_finance,0.06513921315027815,-16.33948732715841,0x37c43adb3a880c5ea4726b6174b62e884d5c275a6a6e50590964b4f6ff1a7f17,fei.eth,FIP-44: PCV Allocation into Idle Finance,2021-11-23 13:14:23,2021-12-03 13:14:23,0.15,"['sentiment_analysis', 'structural_analysis']",-60
1632614400000,2021-09-26,2021-09-26,1.0007909536361694,49614174.497247815,1.0132399797439575,0.9682030081748962,0.9998800158500671,yahoo_finance,0.07389399793349405,-4.134225077029274,0x37c43adb3a880c5ea4726b6174b62e884d5c275a6a6e50590964b4f6ff1a7f17,fei.eth,FIP-44: PCV Allocation into Idle Finance,2021-11-23 13:14:23,2021-12-03 13:14:23,0.15,"['sentiment_analysis', 'structural_analysis']",-59
1632700800000,2021-09-27,2021-09-27,0.995652973651886,53811063.60094875,1.0123740434646606,0.9911159873008728,1.000288963317871,yahoo_finance,-0.5133919292151568,8.45905257162698,0x37c43adb3a880c5ea4726b6174b62e884d5c275a6a6e50590964b4f6ff1a7f17,fei.eth,FIP-44: PCV Allocation into Idle Finance,2021-11-23 13:14:23,2021-12-03 13:14:23,0.15,"['sentiment_analysis', 'structural_analysis']",-58
1632787200000,2021-09-28,2021-09-28,1.001297950744629,56724438.0882225,1.0059659481048584,0.9902660250663757,0.9957529902458191,yahoo_finance,0.5669623093715215,5.414080845676472,0x37c43adb3a880c5ea4726b6174b62e884d5c275a6a6e50590964b4f6ff1a7f17,fei.eth,FIP-44: PCV Allocation into Idle Finance,2021-11-23 13:14:23,2021-12-03 13:14:23,0.15,"['sentiment_analysis', 'structural_analysis']",-57
1632873600000,2021-09-29,2021-09-29,1.00028395652771,45593215.81605315,1.0026789903640747,0.994422972202301,1.0003010034561157,yahoo_finance,-0.10126798084075794,-19.62332752394508,0x37c43adb3a880c5ea4726b6174b62e884d5c275a6a6e50590964b4f6ff1a7f17,fei.eth,FIP-44: PCV Allocation into Idle Finance,2021-11-23 13:14:23,2021-12-03 13:14:23,0.15,"['sentiment_analysis', 'structural_analysis']",-56
1632960000000,2021-09-30,2021-09-30,0.9980189800262451,62432023.41753483,1.0125819444656372,0.9880300164222717,0.9994810223579407,yahoo_finance,-0.22643335291783195,36.93270435105569,0x37c43adb3a880c5ea4726b6174b62e884d5c275a6a6e50590964b4f6ff1a7f17,fei.eth,FIP-44: PCV Allocation into Idle Finance,2021-11-23 13:14:23,2021-12-03 13:14:23,0.15,"['sentiment_analysis', 'structural_analysis']",-55
1633046400000,2021-10-01,2021-10-01,1.0021569728851318,63628658.89474368,1.0066970586776733,0.9869589805603027,0.9980239868164062,yahoo_finance,0.41462065769308776,1.91670141652458,0x37c43adb3a880c5ea4726b6174b62e884d5c275a6a6e50590964b4f6ff1a7f17,fei.eth,FIP-44: PCV Allocation into Idle Finance,2021-11-23 13:14:23,2021-12-03 13:14:23,0.15,"['sentiment_analysis', 'structural_analysis']",-54
1633132800000,2021-10-02,2021-10-02,1.0019090175628662,31104494.887404203,1.0052249431610107,0.9950870275497437,1.002195954322815,yahoo_finance,-0.024742164049584847,-51.11558937795917,0x37c43adb3a880c5ea4726b6174b62e884d5c275a6a6e50590964b4f6ff1a7f17,fei.eth,FIP-44: PCV Allocation into Idle Finance,2021-11-23 13:14:23,2021-12-03 13:14:23,0.15,"['sentiment_analysis', 'structural_analysis']",-53
1633219200000,2021-10-03,2021-10-03,1.0013129711151123,29638841.91612196,1.006795048713684,0.9935150146484375,1.0011470317840576,yahoo_finance,-0.05949107526787012,-4.712029488303193,0x37c43adb3a880c5ea4726b6174b62e884d5c275a6a6e50590964b4f6ff1a7f17,fei.eth,FIP-44: PCV Allocation into Idle Finance,2021-11-23 13:14:23,2021-12-03 13:14:23,0.15,"['sentiment_analysis', 'structural_analysis']",-52
1633305600000,2021-10-04,2021-10-04,0.9998379945755005,57502377.79343784,1.0097960233688354,0.9912840127944946,1.0016659498214722,yahoo_finance,-0.1473042477387665,94.01020443433585,0x37c43adb3a880c5ea4726b6174b62e884d5c275a6a6e50590964b4f6ff1a7f17,fei.eth,FIP-44: PCV Allocation into Idle Finance,2021-11-23 13:14:23,2021-12-03 13:14:23,0.15,"['sentiment_analysis', 'structural_analysis']",-51
1633392000000,2021-10-05,2021-10-05,1.0012379884719849,37555111.308487415,1.0067709684371948,0.9862310290336609,1.000048041343689,yahoo_finance,0.1400220739839808,-34.6894637237537,0x37c43adb3a880c5ea4726b6174b62e884d5c275a6a6e50590964b4f6ff1a7f17,fei.eth,FIP-44: PCV Allocation into Idle Finance,2021-11-23 13:14:23,2021-12-03 13:14:23,0.15,"['sentiment_analysis', 'structural_analysis']",-50
1633478400000,2021-10-06,2021-10-06,0.9992910027503967,90344528.5314076,1.0105270147323608,0.9908639788627625,1.0002690553665161,yahoo_finance,-0.19445783560004815,140.56519973884306,0x37c43adb3a880c5ea4726b6174b62e884d5c275a6a6e50590964b4f6ff1a7f17,fei.eth,FIP-44: PCV Allocation into Idle Finance,2021-11-23 13:14:23,2021-12-03 13:14:23,0.15,"['sentiment_analysis', 'structural_analysis']",-49
1633564800000,2021-10-07,2021-10-07,1.002634048461914,50819620.672719955,1.014991044998169,0.981876015663147,0.9992949962615967,yahoo_finance,0.3345417603396905,-43.74908862903314,0x37c43adb3a880c5ea4726b6174b62e884d5c275a6a6e50590964b4f6ff1a7f17,fei.eth,FIP-44: PCV Allocation into Idle Finance,2021-11-23 13:14:23,2021-12-03 13:14:23,0.15,"['sentiment_analysis', 'structural_analysis']",-48
1633651200000,2021-10-08,2021-10-08,0.9959710240364075,30847907.75228834,1.0138219594955444,0.9886419773101807,1.0018069744110107,yahoo_finance,-0.6645519804287514,-39.29921683014934,0x37c43adb3a880c5ea4726b6174b62e884d5c275a6a6e50590964b4f6ff1a7f17,fei.eth,FIP-44: PCV Allocation into Idle Finance,2021-11-23 13:14:23,2021-12-03 13:14:23,0.15,"['sentiment_analysis', 'structural_analysis']",-47
1633737600000,2021-10-09,2021-10-09,0.9980660080909729,28707091.136106372,1.0069270133972168,0.991096019744873,0.9957450032234192,yahoo_finance,0.2103458839670891,-6.93990864266365,0x37c43adb3a880c5ea4726b6174b62e884d5c275a6a6e50590964b4f6ff1a7f17,fei.eth,FIP-44: PCV Allocation into Idle Finance,2021-11-23 13:14:23,2021-12-03 13:14:23,0.15,"['sentiment_analysis', 'structural_analysis']",-46
1633824000000,2021-10-10,2021-10-10,1.0013890266418457,41257008.59344721,1.0110349655151367,0.991703987121582,0.9987350106239319,yahoo_finance,0.3329457695116611,43.7171338532317,0x37c43adb3a880c5ea4726b6174b62e884d5c275a6a6e50590964b4f6ff1a7f17,fei.eth,FIP-44: PCV Allocation into Idle Finance,2021-11-23 13:14:23,2021-12-03 13:14:23,0.15,"['sentiment_analysis', 'structural_analysis']",-45
1633910400000,2021-10-11,2021-10-11,1.007665991783142,55102963.23949933,1.0135090351104736,0.9948179721832275,1.000560998916626,yahoo_finance,0.62682583634317,33.5602485931354,0x37c43adb3a880c5ea4726b6174b62e884d5c275a6a6e50590964b4f6ff1a7f17,fei.eth,FIP-44: PCV Allocation into Idle Finance,2021-11-23 13:14:23,2021-12-03 13:14:23,0.15,"['sentiment_analysis', 'structural_analysis']",-44
1633996800000,2021-10-12,2021-10-12,1.0035480260849,95032814.81590128,1.0140650272369385,0.9860399961471558,1.0073909759521484,yahoo_finance,-0.40866375682234723,72.46407312588794,0x37c43adb3a880c5ea4726b6174b62e884d5c275a6a6e50590964b4f6ff1a7f17,fei.eth,FIP-44: PCV Allocation into Idle Finance,2021-11-23 13:14:23,2021-12-03 13:14:23,0.15,"['sentiment_analysis', 'structural_analysis']",-43
1634083200000,2021-10-13,2021-10-13,1.0049690008163452,66497412.93176544,1.0131700038909912,0.9918599724769592,1.004802942276001,yahoo_finance,0.14159509007145576,-30.026893278300726,0x37c43adb3a880c5ea4726b6174b62e884d5c275a6a6e50590964b4f6ff1a7f17,fei.eth,FIP-44: PCV Allocation into Idle Finance,2021-11-23 13:14:23,2021-12-03 13:14:23,0.15,"['sentiment_analysis', 'structural_analysis']",-42
1634169600000,2021-10-14,2021-10-14,1.0004860162734985,36111085.04926622,1.0058729648590088,0.9925010204315186,1.0051889419555664,yahoo_finance,-0.4460818730931071,-45.69550384415608,0x37c43adb3a880c5ea4726b6174b62e884d5c275a6a6e50590964b4f6ff1a7f17,fei.eth,FIP-44: PCV Allocation into Idle Finance,2021-11-23 13:14:23,2021-12-03 13:14:23,0.15,"['sentiment_analysis', 'structural_analysis']",-41
1634256000000,2021-10-15,2021-10-15,1.0000540018081665,55482043.968907356,1.0072250366210938,0.9866269826889038,1.000535011291504,yahoo_finance,-0.04318046012687926,53.642694184385235,0x37c43adb3a880c5ea4726b6174b62e884d5c275a6a6e50590964b4f6ff1a7f17,fei.eth,FIP-44: PCV Allocation into Idle Finance,2021-11-23 13:14:23,2021-12-03 13:14:23,0.15,"['sentiment_analysis', 'structural_analysis']",-40
1634342400000,2021-10-16,2021-10-16,0.9991440176963806,39023325.10717124,1.0050599575042725,0.9920549988746643,1.0007139444351196,yahoo_finance,-0.09099349736519935,-29.664946862735874,0x37c43adb3a880c5ea4726b6174b62e884d5c275a6a6e50590964b4f6ff1a7f17,fei.eth,FIP-44: PCV Allocation into Idle Finance,2021-11-23 13:14:23,2021-12-03 13:14:23,0.15,"['sentiment_analysis', 'structural_analysis']",-39
1634428800000,2021-10-17,2021-10-17,0.9951620101928711,40211964.14457798,1.0027199983596802,0.9888970255851746,0.9990249872207642,yahoo_finance,-0.3985418951604647,3.045970670470388,0x37c43adb3a880c5ea4726b6174b62e884d5c275a6a6e50590964b4f6ff1a7f17,fei.eth,FIP-44: PCV Allocation into Idle Finance,2021-11-23 13:14:23,2021-12-03 13:14:23,0.15,"['sentiment_analysis', 'structural_analysis']",-38
1634515200000,2021-10-18,2021-10-18,0.9993550181388855,35809521.60167903,1.0041979551315308,0.9902030229568481,0.9955000281333923,yahoo_finance,0.42133922949909586,-10.948091287136396,0x37c43adb3a880c5ea4726b6174b62e884d5c275a6a6e50590964b4f6ff1a7f17,fei.eth,FIP-44: PCV Allocation into Idle Finance,2021-11-23 13:14:23,2021-12-03 13:14:23,0.15,"['sentiment_analysis', 'structural_analysis']",-37
1634601600000,2021-10-19,2021-10-19,0.9989449977874756,50005241.643330336,1.011234998703003,0.9876070022583008,0.999413013458252,yahoo_finance,-0.04102849777785078,39.64230575195873,0x37c43adb3a880c5ea4726b6174b62e884d5c275a6a6e50590964b4f6ff1a7f17,fei.eth,FIP-44: PCV Allocation into Idle Finance,2021-11-23 13:14:23,2021-12-03 13:14:23,0.15,"['sentiment_analysis', 'structural_analysis']",-36
1634688000000,2021-10-20,2021-10-20,1.0023709535598755,46085264.5702039,1.0060310363769531,0.9894779920578003,0.9957829713821411,yahoo_finance,0.3429573980537448,-7.83913234753717,0x37c43adb3a880c5ea4726b6174b62e884d5c275a6a6e50590964b4f6ff1a7f17,fei.eth,FIP-44: PCV Allocation into Idle Finance,2021-11-23 13:14:23,2021-12-03 13:14:23,0.15,"['sentiment_analysis', 'structural_analysis']",-35
1634774400000,2021-10-21,2021-10-21,0.9990469813346863,120435159.55605757,1.007119059562683,0.9909340143203735,1.0012480020523071,yahoo_finance,-0.3316109882657958,161.3311666521799,0x37c43adb3a880c5ea4726b6174b62e884d5c275a6a6e50590964b4f6ff1a7f17,fei.eth,FIP-44: PCV Allocation into Idle Finance,2021-11-23 13:14:23,2021-12-03 13:14:23,0.15,"['sentiment_analysis', 'structural_analysis']",-34
1634860800000,2021-10-22,2021-10-22,0.9986709952354431,64189874.82404369,1.0119800567626953,0.99024498462677,0.99822598695755,yahoo_finance,-0.037634476282677465,-46.70171479769082,0x37c43adb3a880c5ea4726b6174b62e884d5c275a6a6e50590964b4f6ff1a7f17,fei.eth,FIP-44: PCV Allocation into Idle Finance,2021-11-23 13:14:23,2021-12-03 13:14:23,0.15,"['sentiment_analysis', 'structural_analysis']",-33
1634947200000,2021-10-23,2021-10-23,1.0040980577468872,39700904.58070278,1.0200749635696411,0.9911969900131226,0.9985160231590271,yahoo_finance,0.5434284701704595,-38.15083034586016,0x37c43adb3a880c5ea4726b6174b62e884d5c275a6a6e50590964b4f6ff1a7f17,fei.eth,FIP-44: PCV Allocation into Idle Finance,2021-11-23 13:14:23,2021-12-03 13:14:23,0.15,"['sentiment_analysis', 'structural_analysis']",-32
1635033600000,2021-10-24,2021-10-24,1.0016640424728394,29150097.416574597,1.0134170055389404,0.9887130260467529,1.0047999620437622,yahoo_finance,-0.24240812491058694,-26.575734924832318,0x37c43adb3a880c5ea4726b6174b62e884d5c275a6a6e50590964b4f6ff1a7f17,fei.eth,FIP-44: PCV Allocation into Idle Finance,2021-11-23 13:14:23,2021-12-03 13:14:23,0.15,"['sentiment_analysis', 'structural_analysis']",-31
1635120000000,2021-10-25,2021-10-25,1.0038460493087769,11305717.753427267,1.0130360126495361,0.9852309823036194,1.0007660388946533,yahoo_finance,0.2178381915907357,-61.21550610325271,0x37c43adb3a880c5ea4726b6174b62e884d5c275a6a6e50590964b4f6ff1a7f17,fei.eth,FIP-44: PCV Allocation into Idle Finance,2021-11-23 13:14:23,2021-12-03 13:14:23,0.15,"['sentiment_analysis', 'structural_analysis']",-30
1635206400000,2021-10-26,2021-10-26,1.0030189752578735,37474235.26899648,1.023972988128662,0.9873319864273071,1.0051909685134888,yahoo_finance,-0.08239052706068284,231.46268185968438,0x37c43adb3a880c5ea4726b6174b62e884d5c275a6a6e50590964b4f6ff1a7f17,fei.eth,FIP-44: PCV Allocation into Idle Finance,2021-11-23 13:14:23,2021-12-03 13:14:23,0.15,"['sentiment_analysis', 'structural_analysis']",-29
1635292800000,2021-10-27,2021-10-27,0.9975540041923523,36776888.313569725,1.0111299753189087,0.9696980118751526,1.0026479959487915,yahoo_finance,-0.5448522112072918,-1.8608704098191153,0x37c43adb3a880c5ea4726b6174b62e884d5c275a6a6e50590964b4f6ff1a7f17,fei.eth,FIP-44: PCV Allocation into Idle Finance,2021-11-23 13:14:23,2021-12-03 13:14:23,0.15,"['sentiment_analysis', 'structural_analysis']",-28
1635379200000,2021-10-28,2021-10-28,1.0050580501556396,50758174.33627868,1.012984037399292,0.9823930263519287,0.9986299872398376,yahoo_finance,0.7522445834261315,38.01650075313798,0x37c43adb3a880c5ea4726b6174b62e884d5c275a6a6e50590964b4f6ff1a7f17,fei.eth,FIP-44: PCV Allocation into Idle Finance,2021-11-23 13:14:23,2021-12-03 13:14:23,0.15,"['sentiment_analysis', 'structural_analysis']",-27
1635465600000,2021-10-29,2021-10-29,1.0019710063934326,29606110.042653322,1.0153700113296509,0.9932090044021606,1.005700945854187,yahoo_finance,-0.30715079210886786,-41.672232246752074,0x37c43adb3a880c5ea4726b6174b62e884d5c275a6a6e50590964b4f6ff1a7f17,fei.eth,FIP-44: PCV Allocation into Idle Finance,2021-11-23 13:14:23,2021-12-03 13:14:23,0.15,"['sentiment_analysis', 'structural_analysis']",-26
1635552000000,2021-10-30,2021-10-30,1.0025370121002197,19287441.644712687,1.0144200325012207,0.9868819713592529,1.002472996711731,yahoo_finance,0.0564892300451314,-34.853171804990936,0x37c43adb3a880c5ea4726b6174b62e884d5c275a6a6e50590964b4f6ff1a7f17,fei.eth,FIP-44: PCV Allocation into Idle Finance,2021-11-23 13:14:23,2021-12-03 13:14:23,0.15,"['sentiment_analysis', 'structural_analysis']",-25
1635638400000,2021-10-31,2021-10-31,1.0034279823303223,33200906.30707884,1.0126310586929321,0.988556981086731,1.00547194480896,yahoo_finance,0.08887155480035158,72.13742972583555,0x37c43adb3a880c5ea4726b6174b62e884d5c275a6a6e50590964b4f6ff1a7f17,fei.eth,FIP-44: PCV Allocation into Idle Finance,2021-11-23 13:14:23,2021-12-03 13:14:23,0.15,"['sentiment_analysis', 'structural_analysis']",-24
1635724800000,2021-11-01,2021-11-01,1.0038009881973267,36419916.4879843,1.0066590309143066,0.9931880235671997,1.0035159587860107,yahoo_finance,0.03717315777242991,9.695549124871716,0x37c43adb3a880c5ea4726b6174b62e884d5c275a6a6e50590964b4f6ff1a7f17,fei.eth,FIP-44: PCV Allocation into Idle Finance,2021-11-23 13:14:23,2021-12-03 13:14:23,0.15,"['sentiment_analysis', 'structural_analysis']",-23
1635811200000,2021-11-02,2021-11-02,1.0086569786071777,31580657.632626057,1.013936996459961,0.9932129979133606,1.0045640468597412,yahoo_finance,0.48376027389369636,-13.287396902611837,0x37c43adb3a880c5ea4726b6174b62e884d5c275a6a6e50590964b4f6ff1a7f17,fei.eth,FIP-44: PCV Allocation into Idle Finance,2021-11-23 13:14:23,2021-12-03 13:14:23,0.15,"['sentiment_analysis', 'structural_analysis']",-22
1635897600000,2021-11-03,2021-11-03,1.0064419507980347,21915437.528665185,1.0140990018844604,0.9970880150794983,1.0088640451431274,yahoo_finance,-0.21960169374941607,-30.60487281929084,0x37c43adb3a880c5ea4726b6174b62e884d5c275a6a6e50590964b4f6ff1a7f17,fei.eth,FIP-44: PCV Allocation into Idle Finance,2021-11-23 13:14:23,2021-12-03 13:14:23,0.15,"['sentiment_analysis', 'structural_analysis']",-21
1635984000000,2021-11-04,2021-11-04,1.0044809579849243,40828290.72176564,1.0136549472808838,0.9928979873657227,1.0058979988098145,yahoo_finance,-0.1948441051722316,86.29922705564339,0x37c43adb3a880c5ea4726b6174b62e884d5c275a6a6e50590964b4f6ff1a7f17,fei.eth,FIP-44: PCV Allocation into Idle Finance,2021-11-23 13:14:23,2021-12-03 13:14:23,0.15,"['sentiment_analysis', 'structural_analysis']",-20
1636070400000,2021-11-05,2021-11-05,1.009153962135315,47809649.85381174,1.0129849910736084,0.9877849817276001,1.0036989450454712,yahoo_finance,0.4652158025738151,17.099317675633998,0x37c43adb3a880c5ea4726b6174b62e884d5c275a6a6e50590964b4f6ff1a7f17,fei.eth,FIP-44: PCV Allocation into Idle Finance,2021-11-23 13:14:23,2021-12-03 13:14:23,0.15,"['sentiment_analysis', 'structural_analysis']",-19
1636156800000,2021-11-06,2021-11-06,0.9986870288848877,49679681.258443594,1.014312982559204,0.9907490015029907,1.009158968925476,yahoo_finance,-1.0371988460789239,3.9114099566716742,0x37c43adb3a880c5ea4726b6174b62e884d5c275a6a6e50590964b4f6ff1a7f17,fei.eth,FIP-44: PCV Allocation into Idle Finance,2021-11-23 13:14:23,2021-12-03 13:14:23,0.15,"['sentiment_analysis', 'structural_analysis']",-18
1636243200000,2021-11-07,2021-11-07,1.0019960403442383,41049539.31374931,1.0137159824371338,0.9941200017929077,0.9996089935302734,yahoo_finance,0.3313361807697923,-17.37157269548201,0x37c43adb3a880c5ea4726b6174b62e884d5c275a6a6e50590964b4f6ff1a7f17,fei.eth,FIP-44: PCV Allocation into Idle Finance,2021-11-23 13:14:23,2021-12-03 13:14:23,0.15,"['sentiment_analysis', 'structural_analysis']",-17
1636329600000,2021-11-08,2021-11-08,1.0041320323944092,14514333.904372454,1.0126140117645264,0.9876940250396729,1.0018359422683716,yahoo_finance,0.21317370170814698,-64.64190793120312,0x37c43adb3a880c5ea4726b6174b62e884d5c275a6a6e50590964b4f6ff1a7f17,fei.eth,FIP-44: PCV Allocation into Idle Finance,2021-11-23 13:14:23,2021-12-03 13:14:23,0.15,"['sentiment_analysis', 'structural_analysis']",-16
1636416000000,2021-11-09,2021-11-09,1.0013240575790405,54497225.049560666,1.0149459838867188,0.9944620132446289,1.005010962486267,yahoo_finance,-0.2796419917680426,275.4717605962154,0x37c43adb3a880c5ea4726b6174b62e884d5c275a6a6e50590964b4f6ff1a7f17,fei.eth,FIP-44: PCV Allocation into Idle Finance,2021-11-23 13:14:23,2021-12-03 13:14:23,0.15,"['sentiment_analysis', 'structural_analysis']",-15
1636502400000,2021-11-10,2021-11-10,0.9951249957084656,102264867.03535181,1.0100599527359009,0.9936509728431702,1.001315951347351,yahoo_finance,-0.6190864809103691,87.65151242535832,0x37c43adb3a880c5ea4726b6174b62e884d5c275a6a6e50590964b4f6ff1a7f17,fei.eth,FIP-44: PCV Allocation into Idle Finance,2021-11-23 13:14:23,2021-12-03 13:14:23,0.15,"['sentiment_analysis', 'structural_analysis']",-14
1636588800000,2021-11-11,2021-11-11,1.001431941986084,61452129.05890703,1.00319504737854,0.9915609955787659,0.9953219890594482,yahoo_finance,0.6337843290860512,-39.908855464835526,0x37c43adb3a880c5ea4726b6174b62e884d5c275a6a6e50590964b4f6ff1a7f17,fei.eth,FIP-44: PCV Allocation into Idle Finance,2021-11-23 13:14:23,2021-12-03 13:14:23,0.15,"['sentiment_analysis', 'structural_analysis']",-13
1636675200000,2021-11-12,2021-11-12,0.996969997882843,44994759.43520951,1.0049610137939453,0.9947320222854614,1.0020489692687988,yahoo_finance,-0.4455563994086198,-26.780796492700432,0x37c43adb3a880c5ea4726b6174b62e884d5c275a6a6e50590964b4f6ff1a7f17,fei.eth,FIP-44: PCV Allocation into Idle Finance,2021-11-23 13:14:23,2021-12-03 13:14:23,0.15,"['sentiment_analysis', 'structural_analysis']",-12
1636761600000,2021-11-13,2021-11-13,1.0058670043945312,20164454.898376465,1.0208970308303833,0.9907450079917908,0.9969350099563599,yahoo_finance,0.8924046391147078,-55.18488119174767,0x37c43adb3a880c5ea4726b6174b62e884d5c275a6a6e50590964b4f6ff1a7f17,fei.eth,FIP-44: PCV Allocation into Idle Finance,2021-11-23 13:14:23,2021-12-03 13:14:23,0.15,"['sentiment_analysis', 'structural_analysis']",-11
1636848000000,2021-11-14,2021-11-14,0.99857097864151,30590339.19393754,1.0108489990234375,0.9912099838256836,1.0070509910583496,yahoo_finance,-0.7253469614914909,51.70427045067563,0x37c43adb3a880c5ea4726b6174b62e884d5c275a6a6e50590964b4f6ff1a7f17,fei.eth,FIP-44: PCV Allocation into Idle Finance,2021-11-23 13:14:23,2021-12-03 13:14:23,0.15,"['sentiment_analysis', 'structural_analysis']",-10
1636934400000,2021-11-15,2021-11-15,0.996366024017334,32946097.008957386,1.0014070272445679,0.9951750040054321,0.9982540011405945,yahoo_finance,-0.22081100606144988,7.700986249563124,0x37c43adb3a880c5ea4726b6174b62e884d5c275a6a6e50590964b4f6ff1a7f17,fei.eth,FIP-44: PCV Allocation into Idle Finance,2021-11-23 13:14:23,2021-12-03 13:14:23,0.15,"['sentiment_analysis', 'structural_analysis']",-9
1637020800000,2021-11-16,2021-11-16,0.9983710050582886,112147113.83692706,2.464247941970825,0.9934430122375488,0.9962890148162842,yahoo_finance,0.2012293667813525,240.39574947659656,0x37c43adb3a880c5ea4726b6174b62e884d5c275a6a6e50590964b4f6ff1a7f17,fei.eth,FIP-44: PCV Allocation into Idle Finance,2021-11-23 13:14:23,2021-12-03 13:14:23,0.15,"['sentiment_analysis', 'structural_analysis']",-8
1637107200000,2021-11-17,2021-11-17,0.9975240230560303,108888587.17445803,1.2231379747390747,0.9724060297012329,0.9981399774551392,yahoo_finance,-0.08483639828951173,-2.90558227580181,0x37c43adb3a880c5ea4726b6174b62e884d5c275a6a6e50590964b4f6ff1a7f17,fei.eth,FIP-44: PCV Allocation into Idle Finance,2021-11-23 13:14:23,2021-12-03 13:14:23,0.15,"['sentiment_analysis', 'structural_analysis']",-7
1637193600000,2021-11-18,2021-11-18,0.9970980286598206,122090569.49586964,0.999504029750824,0.9936820268630981,0.9976999759674072,yahoo_finance,-0.04270517665375673,12.12430307343395,0x37c43adb3a880c5ea4726b6174b62e884d5c275a6a6e50590964b4f6ff1a7f17,fei.eth,FIP-44: PCV Allocation into Idle Finance,2021-11-23 13:14:23,2021-12-03 13:14:23,0.15,"['sentiment_analysis', 'structural_analysis']",-6
1637280000000,2021-11-19,2021-11-19,0.9971669912338257,63918703.2881856,1.000175952911377,0.994907021522522,0.9972969889640808,yahoo_finance,0.006916328387274184,-47.646486086422925,0x37c43adb3a880c5ea4726b6174b62e884d5c275a6a6e50590964b4f6ff1a7f17,fei.eth,FIP-44: PCV Allocation into Idle Finance,2021-11-23 13:14:23,2021-12-03 13:14:23,0.15,"['sentiment_analysis', 'structural_analysis']",-5
1637366400000,2021-11-20,2021-11-20,0.9986330270767212,68092954.36143672,1.0001499652862549,0.994717001914978,0.9972540140151978,yahoo_finance,0.1470200935032473,6.5305628220131196,0x37c43adb3a880c5ea4726b6174b62e884d5c275a6a6e50590964b4f6ff1a7f17,fei.eth,FIP-44: PCV Allocation into Idle Finance,2021-11-23 13:14:23,2021-12-03 13:14:23,0.15,"['sentiment_analysis', 'structural_analysis']",-4
1637452800000,2021-11-21,2021-11-21,0.9960579872131348,51089870.02784729,1.002892017364502,0.9951549768447876,0.9983490109443665,yahoo_finance,-0.2578564691700924,-24.970401847065162,0x37c43adb3a880c5ea4726b6174b62e884d5c275a6a6e50590964b4f6ff1a7f17,fei.eth,FIP-44: PCV Allocation into Idle Finance,2021-11-23 13:14:23,2021-12-03 13:14:23,0.15,"['sentiment_analysis', 'structural_analysis']",-3
1637539200000,2021-11-22,2021-11-22,0.9970149993896484,138222958.10021782,1.0003060102462769,0.994924008846283,0.996508002281189,yahoo_finance,0.09607996610632163,170.54865871625307,0x37c43adb3a880c5ea4726b6174b62e884d5c275a6a6e50590964b4f6ff1a7f17,fei.eth,FIP-44: PCV Allocation into Idle Finance,2021-11-23 13:14:23,2021-12-03 13:14:23,0.15,"['sentiment_analysis', 'structural_analysis']",-2
1637625600000,2021-11-23,2021-11-23,0.9989259839057922,94763967.54493922,1.000241994857788,0.9959989786148071,0.9970600008964539,yahoo_finance,0.19167058843785334,-31.441224491642615,0x37c43adb3a880c5ea4726b6174b62e884d5c275a6a6e50590964b4f6ff1a7f17,fei.eth,FIP-44: PCV Allocation into Idle Finance,2021-11-23 13:14:23,2021-12-03 13:14:23,0.15,"['sentiment_analysis', 'structural_analysis']",-1
1637712000000,2021-11-24,2021-11-24,0.9989129900932312,98440044.25427401,1.0005409717559814,0.9962379932403564,0.9986500144004822,yahoo_finance,-0.0013007783129515005,3.8791924869455485,0x37c43adb3a880c5ea4726b6174b62e884d5c275a6a6e50590964b4f6ff1a7f17,fei.eth,FIP-44: PCV Allocation into Idle Finance,2021-11-23 13:14:23,2021-12-03 13:14:23,0.15,"['sentiment_analysis', 'structural_analysis']",0
1637798400000,2021-11-25,2021-11-25,0.9981170296669006,48649489.638358355,0.9996510148048401,0.9958410263061523,0.997418999671936,yahoo_finance,-0.07968265847221323,-50.5795735801428,0x37c43adb3a880c5ea4726b6174b62e884d5c275a6a6e50590964b4f6ff1a7f17,fei.eth,FIP-44: PCV Allocation into Idle Finance,2021-11-23 13:14:23,2021-12-03 13:14:23,0.15,"['sentiment_analysis', 'structural_analysis']",1
1637884800000,2021-11-26,2021-11-26,0.9973919987678528,204183843.8609736,1.0012340545654297,0.9932259917259216,0.997875988483429,yahoo_finance,-0.0726398686224039,319.70397917593374,0x37c43adb3a880c5ea4726b6174b62e884d5c275a6a6e50590964b4f6ff1a7f17,fei.eth,FIP-44: PCV Allocation into Idle Finance,2021-11-23 13:14:23,2021-12-03 13:14:23,0.15,"['sentiment_analysis', 'structural_analysis']",2
1637971200000,2021-11-27,2021-11-27,1.0015339851379395,49591056.42903757,1.0034250020980835,0.9956290125846863,0.9972350001335144,yahoo_finance,0.4152816921735525,-75.7125463546452,0x37c43adb3a880c5ea4726b6174b62e884d5c275a6a6e50590964b4f6ff1a7f17,fei.eth,FIP-44: PCV Allocation into Idle Finance,2021-11-23 13:14:23,2021-12-03 13:14:23,0.15,"['sentiment_analysis', 'structural_analysis']",3
1638057600000,2021-11-28,2021-11-28,0.998045027256012,85885010.2573582,1.0025299787521362,0.9944419860839844,1.0015369653701782,yahoo_finance,-0.34836140697181994,73.18649055249615,0x37c43adb3a880c5ea4726b6174b62e884d5c275a6a6e50590964b4f6ff1a7f17,fei.eth,FIP-44: PCV Allocation into Idle Finance,2021-11-23 13:14:23,2021-12-03 13:14:23,0.15,"['sentiment_analysis', 'structural_analysis']",4
1638144000000,2021-11-29,2021-11-29,0.9963489770889282,78887866.16707838,1.0110989809036255,0.9932850003242493,0.9976369738578796,yahoo_finance,-0.1699372393795473,-8.147107474648452,0x37c43adb3a880c5ea4726b6174b62e884d5c275a6a6e50590964b4f6ff1a7f17,fei.eth,FIP-44: PCV Allocation into Idle Finance,2021-11-23 13:14:23,2021-12-03 13:14:23,0.15,"['sentiment_analysis', 'structural_analysis']",5
1638230400000,2021-11-30,2021-11-30,0.995930016040802,224796479.0171318,1.015254020690918,0.9925600290298462,0.9973700046539307,yahoo_finance,-0.042049628971396746,184.95697746600257,0x37c43adb3a880c5ea4726b6174b62e884d5c275a6a6e50590964b4f6ff1a7f17,fei.eth,FIP-44: PCV Allocation into Idle Finance,2021-11-23 13:14:23,2021-12-03 13:14:23,0.15,"['sentiment_analysis', 'structural_analysis']",6
1638316800000,2021-12-01,2021-12-01,0.9971230030059814,73558816.89364243,1.0003869533538818,0.9943640232086182,0.9958890080451965,yahoo_finance,0.11978622453030496,-67.27759384165599,0x37c43adb3a880c5ea4726b6174b62e884d5c275a6a6e50590964b4f6ff1a7f17,fei.eth,FIP-44: PCV Allocation into Idle Finance,2021-11-23 13:14:23,2021-12-03 13:14:23,0.15,"['sentiment_analysis', 'structural_analysis']",7
1638403200000,2021-12-02,2021-12-02,0.9963060021400452,100294162.92646784,0.9998990297317505,0.9951540231704712,0.9971039891242981,yahoo_finance,-0.08193581568907149,36.345535670430415,0x37c43adb3a880c5ea4726b6174b62e884d5c275a6a6e50590964b4f6ff1a7f17,fei.eth,FIP-44: PCV Allocation into Idle Finance,2021-11-23 13:14:23,2021-12-03 13:14:23,0.15,"['sentiment_analysis', 'structural_analysis']",8
1638489600000,2021-12-03,2021-12-03,0.9974640011787415,132113243.15229928,0.9994400143623352,0.9955340027809143,0.9961720108985901,yahoo_finance,0.11622925448697696,31.725754817017695,0x37c43adb3a880c5ea4726b6174b62e884d5c275a6a6e50590964b4f6ff1a7f17,fei.eth,FIP-44: PCV Allocation into Idle Finance,2021-11-23 13:14:23,2021-12-03 13:14:23,0.15,"['sentiment_analysis', 'structural_analysis']",9
1638576000000,2021-12-04,2021-12-04,0.9970510005950928,231560346.93134546,1.0006970167160034,0.9928929805755615,0.9972800016403198,yahoo_finance,-0.04140506155215773,75.27413710100524,0x37c43adb3a880c5ea4726b6174b62e884d5c275a6a6e50590964b4f6ff1a7f17,fei.eth,FIP-44: PCV Allocation into Idle Finance,2021-11-23 13:14:23,2021-12-03 13:14:23,0.15,"['sentiment_analysis', 'structural_analysis']",10
1638662400000,2021-12-05,2021-12-05,0.9959149956703186,130769095.54977411,0.9990490078926086,0.9947959780693054,0.9976570010185242,yahoo_finance,-0.11393649112193538,-43.526991005698655,0x37c43adb3a880c5ea4726b6174b62e884d5c275a6a6e50590964b4f6ff1a7f17,fei.eth,FIP-44: PCV Allocation into Idle Finance,2021-11-23 13:14:23,2021-12-03 13:14:23,0.15,"['sentiment_analysis', 'structural_analysis']",11
1638748800000,2021-12-06,2021-12-06,1.000736951828003,195797251.88390613,1.001736044883728,0.994907021522522,0.9960569739341736,yahoo_finance,0.4841734664752906,49.72746508702479,0x37c43adb3a880c5ea4726b6174b62e884d5c275a6a6e50590964b4f6ff1a7f17,fei.eth,FIP-44: PCV Allocation into Idle Finance,2021-11-23 13:14:23,2021-12-03 13:14:23,0.15,"['sentiment_analysis', 'structural_analysis']",12
1638835200000,2021-12-07,2021-12-07,1.0005290508270264,29282423.69881153,1.0020769834518433,0.9974430203437805,1.0005910396575928,yahoo_finance,-0.020774790078126326,-85.04451752153604,0x37c43adb3a880c5ea4726b6174b62e884d5c275a6a6e50590964b4f6ff1a7f17,fei.eth,FIP-44: PCV Allocation into Idle Finance,2021-11-23 13:14:23,2021-12-03 13:14:23,0.15,"['sentiment_analysis', 'structural_analysis']",13
1638921600000,2021-12-08,2021-12-08,0.9989230036735535,95083216.31738287,1.0026979446411133,0.9957339763641357,1.0005359649658203,yahoo_finance,-0.1605197922184609,224.71088218439363,0x37c43adb3a880c5ea4726b6174b62e884d5c275a6a6e50590964b4f6ff1a7f17,fei.eth,FIP-44: PCV Allocation into Idle Finance,2021-11-23 13:14:23,2021-12-03 13:14:23,0.15,"['sentiment_analysis', 'structural_analysis']",14
1639008000000,2021-12-09,2021-12-09,1.0001579523086548,147351220.78983188,1.002835988998413,0.9967619776725769,0.9990839958190918,yahoo_finance,0.12362801042320459,54.97079978655866,0x37c43adb3a880c5ea4726b6174b62e884d5c275a6a6e50590964b4f6ff1a7f17,fei.eth,FIP-44: PCV Allocation into Idle Finance,2021-11-23 13:14:23,2021-12-03 13:14:23,0.15,"['sentiment_analysis', 'structural_analysis']",15
1639094400000,2021-12-10,2021-12-10,1.0010490417480469,219465792.51211166,1.0018730163574219,0.9635180234909058,0.9999009966850281,yahoo_finance,0.08909487119861392,48.94060010886325,0x37c43adb3a880c5ea4726b6174b62e884d5c275a6a6e50590964b4f6ff1a7f17,fei.eth,FIP-44: PCV Allocation into Idle Finance,2021-11-23 13:14:23,2021-12-03 13:14:23,0.15,"['sentiment_analysis', 'structural_analysis']",16
1639180800000,2021-12-11,2021-12-11,0.9999899864196777,91543906.3085618,1.002200961112976,0.9976990222930908,1.0010709762573242,yahoo_finance,-0.1057945499373103,-58.287847385824485,0x37c43adb3a880c5ea4726b6174b62e884d5c275a6a6e50590964b4f6ff1a7f17,fei.eth,FIP-44: PCV Allocation into Idle Finance,2021-11-23 13:14:23,2021-12-03 13:14:23,0.15,"['sentiment_analysis', 'structural_analysis']",17
1639267200000,2021-12-12,2021-12-12,0.9986820220947266,27143906.71770668,1.0019299983978271,0.9946169853210449,0.999767005443573,yahoo_finance,-0.13079774224881158,-70.34875633751713,0x37c43adb3a880c5ea4726b6174b62e884d5c275a6a6e50590964b4f6ff1a7f17,fei.eth,FIP-44: PCV Allocation into Idle Finance,2021-11-23 13:14:23,2021-12-03 13:14:23,0.15,"['sentiment_analysis', 'structural_analysis']",18
1639353600000,2021-12-13,2021-12-13,0.9983260035514832,138991602.40691805,1.0025449991226196,0.9970669746398926,0.998803973197937,yahoo_finance,-0.0356488387061038,412.0545242525837,0x37c43adb3a880c5ea4726b6174b62e884d5c275a6a6e50590964b4f6ff1a7f17,fei.eth,FIP-44: PCV Allocation into Idle Finance,2021-11-23 13:14:23,2021-12-03 13:14:23,0.15,"['sentiment_analysis', 'structural_analysis']",19
1639440000000,2021-12-14,2021-12-14,1.0004630088806152,138689461.73432875,1.0014840364456177,0.9559860229492188,0.9981780052185059,yahoo_finance,0.21405886669583207,-0.21738052325257495,0x37c43adb3a880c5ea4726b6174b62e884d5c275a6a6e50590964b4f6ff1a7f17,fei.eth,FIP-44: PCV Allocation into Idle Finance,2021-11-23 13:14:23,2021-12-03 13:14:23,0.15,"['sentiment_analysis', 'structural_analysis']",20
1639526400000,2021-12-15,2021-12-15,0.9998890161514282,223608739.28695238,1.0022870302200317,0.9848570227622986,0.9997259974479675,yahoo_finance,-0.057372708845004894,61.22979820578842,0x37c43adb3a880c5ea4726b6174b62e884d5c275a6a6e50590964b4f6ff1a7f17,fei.eth,FIP-44: PCV Allocation into Idle Finance,2021-11-23 13:14:23,2021-12-03 13:14:23,0.15,"['sentiment_analysis', 'structural_analysis']",21
1639612800000,2021-12-16,2021-12-16,0.9998000264167786,80373969.11464602,1.0016800165176392,0.9972419738769531,0.999754011631012,yahoo_finance,-0.008899961216912722,-64.05598038299219,0x37c43adb3a880c5ea4726b6174b62e884d5c275a6a6e50590964b4f6ff1a7f17,fei.eth,FIP-44: PCV Allocation into Idle Finance,2021-11-23 13:14:23,2021-12-03 13:14:23,0.15,"['sentiment_analysis', 'structural_analysis']",22
1639699200000,2021-12-17,2021-12-17,0.9967020153999329,183214837.91888624,1.0006990432739258,0.9944739937782288,0.9991260170936584,yahoo_finance,-0.3098630661122037,127.95295533750144,0x37c43adb3a880c5ea4726b6174b62e884d5c275a6a6e50590964b4f6ff1a7f17,fei.eth,FIP-44: PCV Allocation into Idle Finance,2021-11-23 13:14:23,2021-12-03 13:14:23,0.15,"['sentiment_analysis', 'structural_analysis']",23
1639785600000,2021-12-18,2021-12-18,0.9981650114059448,97600023.82818699,0.999193012714386,0.9954789876937866,0.9965029954910278,yahoo_finance,0.1467836909535114,-46.72919238593713,0x37c43adb3a880c5ea4726b6174b62e884d5c275a6a6e50590964b4f6ff1a7f17,fei.eth,FIP-44: PCV Allocation into Idle Finance,2021-11-23 13:14:23,2021-12-03 13:14:23,0.15,"['sentiment_analysis', 'structural_analysis']",24
1639872000000,2021-12-19,2021-12-19,0.9969890117645264,91752994.46363449,1.0002700090408325,0.9956570267677307,0.9982089996337891,yahoo_finance,-0.11781615544328439,-5.990807312553004,0x37c43adb3a880c5ea4726b6174b62e884d5c275a6a6e50590964b4f6ff1a7f17,fei.eth,FIP-44: PCV Allocation into Idle Finance,2021-11-23 13:14:23,2021-12-03 13:14:23,0.15,"['sentiment_analysis', 'structural_analysis']",25
1639958400000,2021-12-20,2021-12-20,0.9969540238380432,60946772.39411867,0.9992660284042358,0.9946780204772949,0.9968270063400269,yahoo_finance,-0.0035093592878454594,-33.575168036314714,0x37c43adb3a880c5ea4726b6174b62e884d5c275a6a6e50590964b4f6ff1a7f17,fei.eth,FIP-44: PCV Allocation into Idle Finance,2021-11-23 13:14:23,2021-12-03 13:14:23,0.15,"['sentiment_analysis', 'structural_analysis']",26
1640044800000,2021-12-21,2021-12-21,0.9979400038719177,57361352.914896905,1.0007929801940918,0.9959099888801575,0.9970110058784485,yahoo_finance,0.09889924813972772,-5.882870147800889,0x37c43adb3a880c5ea4726b6174b62e884d5c275a6a6e50590964b4f6ff1a7f17,fei.eth,FIP-44: PCV Allocation into Idle Finance,2021-11-23 13:14:23,2021-12-03 13:14:23,0.15,"['sentiment_analysis', 'structural_analysis']",27
1640131200000,2021-12-22,2021-12-22,0.9958959817886353,31717535.238936067,1.0003770589828491,0.9941139817237854,0.9980229735374451,yahoo_finance,-0.20482414527445147,-44.705740664811046,0x37c43adb3a880c5ea4726b6174b62e884d5c275a6a6e50590964b4f6ff1a7f17,fei.eth,FIP-44: PCV Allocation into Idle Finance,2021-11-23 13:14:23,2021-12-03 13:14:23,0.15,"['sentiment_analysis', 'structural_analysis']",28
1640217600000,2021-12-23,2021-12-23,0.9962739944458008,63280041.40438557,1.0102800130844116,0.9749169945716858,0.994845986366272,yahoo_finance,0.037957042108605066,99.51121966975462,0x37c43adb3a880c5ea4726b6174b62e884d5c275a6a6e50590964b4f6ff1a7f17,fei.eth,FIP-44: PCV Allocation into Idle Finance,2021-11-23 13:14:23,2021-12-03 13:14:23,0.15,"['sentiment_analysis', 'structural_analysis']",29
1640304000000,2021-12-24,2021-12-24,0.9992250204086304,54421761.53478503,1.0054919719696045,0.9926639795303345,1.0021899938583374,yahoo_finance,0.29620626246207316,-13.998536778749038,0x37c43adb3a880c5ea4726b6174b62e884d5c275a6a6e50590964b4f6ff1a7f17,fei.eth,FIP-44: PCV Allocation into Idle Finance,2021-11-23 13:14:23,2021-12-03 13:14:23,0.15,"['sentiment_analysis', 'structural_analysis']",30
1640390400000,2021-12-25,2021-12-25,0.9941999912261963,25705021.88335347,1.0013890266418457,0.9878249764442444,0.9992780089378357,yahoo_finance,-0.5028926497836372,-52.767016064109825,0x37c43adb3a880c5ea4726b6174b62e884d5c275a6a6e50590964b4f6ff1a7f17,fei.eth,FIP-44: PCV Allocation into Idle Finance,2021-11-23 13:14:23,2021-12-03 13:14:23,0.15,"['sentiment_analysis', 'structural_analysis']",31
1640476800000,2021-12-26,2021-12-26,0.9929879903793335,15790862.428568602,1.0023390054702759,0.9874269962310791,0.992900013923645,yahoo_finance,-0.12190714720968776,-38.56895940324121,0x37c43adb3a880c5ea4726b6174b62e884d5c275a6a6e50590964b4f6ff1a7f17,fei.eth,FIP-44: PCV Allocation into Idle Finance,2021-11-23 13:14:23,2021-12-03 13:14:23,0.15,"['sentiment_analysis', 'structural_analysis']",32
1640563200000,2021-12-27,2021-12-27,0.9943140149116516,29791460.521202266,1.003501057624817,0.9794629812240601,0.9930539727210999,yahoo_finance,0.1335388287839745,88.66265636830566,0x37c43adb3a880c5ea4726b6174b62e884d5c275a6a6e50590964b4f6ff1a7f17,fei.eth,FIP-44: PCV Allocation into Idle Finance,2021-11-23 13:14:23,2021-12-03 13:14:23,0.15,"['sentiment_analysis', 'structural_analysis']",33
1640649600000,2021-12-28,2021-12-28,0.9959959983825684,65630168.28538895,1.0039030313491821,0.9773319959640503,0.9942299723625183,yahoo_finance,0.16916018940618116,120.298592741637,0x37c43adb3a880c5ea4726b6174b62e884d5c275a6a6e50590964b4f6ff1a7f17,fei.eth,FIP-44: PCV Allocation into Idle Finance,2021-11-23 13:14:23,2021-12-03 13:14:23,0.15,"['sentiment_analysis', 'structural_analysis']",34
1640736000000,2021-12-29,2021-12-29,0.9972580075263977,29907750.69233054,1.002439022064209,0.9838219881057739,0.996321976184845,yahoo_finance,0.12670825443865663,-54.429873526640314,0x37c43adb3a880c5ea4726b6174b62e884d5c275a6a6e50590964b4f6ff1a7f17,fei.eth,FIP-44: PCV Allocation into Idle Finance,2021-11-23 13:14:23,2021-12-03 13:14:23,0.15,"['sentiment_analysis', 'structural_analysis']",35
1640822400000,2021-12-30,2021-12-30,0.9987679719924927,38768814.81482673,1.0009289979934692,0.9926750063896179,0.9967229962348938,yahoo_finance,0.15141161612131082,29.62798578085144,0x37c43adb3a880c5ea4726b6174b62e884d5c275a6a6e50590964b4f6ff1a7f17,fei.eth,FIP-44: PCV Allocation into Idle Finance,2021-11-23 13:14:23,2021-12-03 13:14:23,0.15,"['sentiment_analysis', 'structural_analysis']",36
1640908800000,2021-12-31,2021-12-31,0.9915120005607605,59645810.35774934,0.9992020130157471,0.9854959845542908,0.9988099932670593,yahoo_finance,-0.7264922019132092,53.84997102087947,0x37c43adb3a880c5ea4726b6174b62e884d5c275a6a6e50590964b4f6ff1a7f17,fei.eth,FIP-44: PCV Allocation into Idle Finance,2021-11-23 13:14:23,2021-12-03 13:14:23,0.15,"['sentiment_analysis', 'structural_analysis']",37
1640995200000,2022-01-01,2022-01-01,0.9988589882850647,19192536.076043844,0.9988589882850647,0.988677978515625,0.9915130138397217,yahoo_finance,0.7409882805401224,-67.82249086578082,0x37c43adb3a880c5ea4726b6174b62e884d5c275a6a6e50590964b4f6ff1a7f17,fei.eth,FIP-44: PCV Allocation into Idle Finance,2021-11-23 13:14:23,2021-12-03 13:14:23,0.15,"['sentiment_analysis', 'structural_analysis']",38
1641081600000,2022-01-02,2022-01-02,0.9978179931640625,22136862.587020874,1.0000120401382446,0.9895110130310059,0.9988589882850647,yahoo_finance,-0.10421842654582125,15.340997663420541,0x37c43adb3a880c5ea4726b6174b62e884d5c275a6a6e50590964b4f6ff1a7f17,fei.eth,FIP-44: PCV Allocation into Idle Finance,2021-11-23 13:14:23,2021-12-03 13:14:23,0.15,"['sentiment_analysis', 'structural_analysis']",39
1641168000000,2022-01-03,2022-01-03,0.993215024471283,31913542.19241035,0.9987949728965759,0.9877060055732727,0.9978190064430237,yahoo_finance,-0.4613034365299029,44.16470295624308,0x37c43adb3a880c5ea4726b6174b62e884d5c275a6a6e50590964b4f6ff1a7f17,fei.eth,FIP-44: PCV Allocation into Idle Finance,2021-11-23 13:14:23,2021-12-03 13:14:23,0.15,"['sentiment_analysis', 'structural_analysis']",40
1641254400000,2022-01-04,2022-01-04,0.9909560084342957,66538534.94208354,0.996612012386322,0.9893980026245117,0.9932159781455994,yahoo_finance,-0.22744481117670245,108.49623818288548,0x37c43adb3a880c5ea4726b6174b62e884d5c275a6a6e50590964b4f6ff1a7f17,fei.eth,FIP-44: PCV Allocation into Idle Finance,2021-11-23 13:14:23,2021-12-03 13:14:23,0.15,"['sentiment_analysis', 'structural_analysis']",41
1641340800000,2022-01-05,2022-01-05,0.992874026298523,74819156.11386323,0.9967330098152161,0.9799579977989197,0.9909560084342957,yahoo_finance,0.19355227153401433,12.444850459943723,0x37c43adb3a880c5ea4726b6174b62e884d5c275a6a6e50590964b4f6ff1a7f17,fei.eth,FIP-44: PCV Allocation into Idle Finance,2021-11-23 13:14:23,2021-12-03 13:14:23,0.15,"['sentiment_analysis', 'structural_analysis']",42
1641427200000,2022-01-06,2022-01-06,0.9889209866523743,50840066.96763843,0.9944620132446289,0.9771530032157898,0.9928749799728394,yahoo_finance,-0.398141107677652,-32.04939803080954,0x37c43adb3a880c5ea4726b6174b62e884d5c275a6a6e50590964b4f6ff1a7f17,fei.eth,FIP-44: PCV Allocation into Idle Finance,2021-11-23 13:14:23,2021-12-03 13:14:23,0.15,"['sentiment_analysis', 'structural_analysis']",43
1641513600000,2022-01-07,2022-01-07,0.9905369877815247,125655746.3429668,0.9950429797172546,0.9790329933166504,0.9889219999313354,yahoo_finance,0.16341054047408488,147.15889226296906,0x37c43adb3a880c5ea4726b6174b62e884d5c275a6a6e50590964b4f6ff1a7f17,fei.eth,FIP-44: PCV Allocation into Idle Finance,2021-11-23 13:14:23,2021-12-03 13:14:23,0.15,"['sentiment_analysis', 'structural_analysis']",44
1641600000000,2022-01-08,2022-01-08,0.9910479784011841,87166267.20454574,0.9968299865722656,0.98545902967453,0.9905350208282471,yahoo_finance,0.051587232578143016,-30.63089453415625,0x37c43adb3a880c5ea4726b6174b62e884d5c275a6a6e50590964b4f6ff1a7f17,fei.eth,FIP-44: PCV Allocation into Idle Finance,2021-11-23 13:14:23,2021-12-03 13:14:23,0.15,"['sentiment_analysis', 'structural_analysis']",45
1641686400000,2022-01-09,2022-01-09,0.9913610219955444,31819092.148269176,0.9966470003128052,0.9891600012779236,0.9910470247268677,yahoo_finance,0.03158712808892794,-63.49609410989001,0x37c43adb3a880c5ea4726b6174b62e884d5c275a6a6e50590964b4f6ff1a7f17,fei.eth,FIP-44: PCV Allocation into Idle Finance,2021-11-23 13:14:23,2021-12-03 13:14:23,0.15,"['sentiment_analysis', 'structural_analysis']",46
1641772800000,2022-01-10,2022-01-10,0.9913859963417053,130378201.43756187,0.9980189800262451,0.9878929853439331,0.9913600087165833,yahoo_finance,0.0025191979114325136,309.74833860762396,0x37c43adb3a880c5ea4726b6174b62e884d5c275a6a6e50590964b4f6ff1a7f17,fei.eth,FIP-44: PCV Allocation into Idle Finance,2021-11-23 13:14:23,2021-12-03 13:14:23,0.15,"['sentiment_analysis', 'structural_analysis']",47
1641859200000,2022-01-11,2022-01-11,0.9955170154571533,98360543.53534651,0.9998170137405396,0.9873129725456238,0.9913870096206665,yahoo_finance,0.41669129185724074,-24.557523841551554,0x37c43adb3a880c5ea4726b6174b62e884d5c275a6a6e50590964b4f6ff1a7f17,fei.eth,FIP-44: PCV Allocation into Idle Finance,2021-11-23 13:14:23,2021-12-03 13:14:23,0.15,"['sentiment_analysis', 'structural_analysis']",48
1641945600000,2022-01-12,2022-01-12,0.9975159764289856,33327905.53935522,1.003021001815796,0.9916120171546936,0.9955160021781921,yahoo_finance,0.20079626372979664,-66.11659071670479,0x37c43adb3a880c5ea4726b6174b62e884d5c275a6a6e50590964b4f6ff1a7f17,fei.eth,FIP-44: PCV Allocation into Idle Finance,2021-11-23 13:14:23,2021-12-03 13:14:23,0.15,"['sentiment_analysis', 'structural_analysis']",49
1642032000000,2022-01-13,2022-01-13,0.9944679737091064,104164099.96079063,0.9988179802894592,0.9853190183639526,0.9975159764289856,yahoo_finance,-0.3055592884627978,212.54319248411386,0x37c43adb3a880c5ea4726b6174b62e884d5c275a6a6e50590964b4f6ff1a7f17,fei.eth,FIP-44: PCV Allocation into Idle Finance,2021-11-23 13:14:23,2021-12-03 13:14:23,0.15,"['sentiment_analysis', 'structural_analysis']",50
1642118400000,2022-01-14,2022-01-14,0.9955769777297974,56584634.013367295,0.9990479946136475,0.989762008190155,0.9944679737091064,yahoo_finance,0.11151731880862936,-45.67741281817168,0x37c43adb3a880c5ea4726b6174b62e884d5c275a6a6e50590964b4f6ff1a7f17,fei.eth,FIP-44: PCV Allocation into Idle Finance,2021-11-23 13:14:23,2021-12-03 13:14:23,0.15,"['sentiment_analysis', 'structural_analysis']",51
1642204800000,2022-01-15,2022-01-15,0.9980430006980896,43498984.59642273,1.000148057937622,0.9912239909172058,0.9955750107765198,yahoo_finance,0.2476978700246324,-23.12580021963784,0x37c43adb3a880c5ea4726b6174b62e884d5c275a6a6e50590964b4f6ff1a7f17,fei.eth,FIP-44: PCV Allocation into Idle Finance,2021-11-23 13:14:23,2021-12-03 13:14:23,0.15,"['sentiment_analysis', 'structural_analysis']",52
1642291200000,2022-01-16,2022-01-16,0.9942420125007629,34938480.59196907,0.999754011631012,0.9895979762077332,0.9978349804878235,yahoo_finance,-0.3808441314320121,-19.6797789278917,0x37c43adb3a880c5ea4726b6174b62e884d5c275a6a6e50590964b4f6ff1a7f17,fei.eth,FIP-44: PCV Allocation into Idle Finance,2021-11-23 13:14:23,2021-12-03 13:14:23,0.15,"['sentiment_analysis', 'structural_analysis']",53
1642377600000,2022-01-17,2022-01-17,0.9972339868545532,49675621.46418452,1.0004470348358154,0.9859529733657837,0.9942060112953186,yahoo_finance,0.3009301876375936,42.18025690448288,0x37c43adb3a880c5ea4726b6174b62e884d5c275a6a6e50590964b4f6ff1a7f17,fei.eth,FIP-44: PCV Allocation into Idle Finance,2021-11-23 13:14:23,2021-12-03 13:14:23,0.15,"['sentiment_analysis', 'structural_analysis']",54
1642464000000,2022-01-18,2022-01-18,0.9951120018959045,53543454.12553191,1.0030430555343628,0.9868190288543701,0.9972950220108032,yahoo_finance,-0.21278706769127798,7.786178707670621,0x37c43adb3a880c5ea4726b6174b62e884d5c275a6a6e50590964b4f6ff1a7f17,fei.eth,FIP-44: PCV Allocation into Idle Finance,2021-11-23 13:14:23,2021-12-03 13:14:23,0.15,"['sentiment_analysis', 'structural_analysis']",55
1642550400000,2022-01-19,2022-01-19,0.9922270178794861,42106553.53603822,1.0001300573349,0.9889990091323853,0.9949949979782104,yahoo_finance,-0.2899155080957616,-21.36003508977966,0x37c43adb3a880c5ea4726b6174b62e884d5c275a6a6e50590964b4f6ff1a7f17,fei.eth,FIP-44: PCV Allocation into Idle Finance,2021-11-23 13:14:23,2021-12-03 13:14:23,0.15,"['sentiment_analysis', 'structural_analysis']",56
1642636800000,2022-01-20,2022-01-20,0.9926859736442566,73872455.98770344,1.0039080381393433,0.9895889759063721,0.9922000169754028,yahoo_finance,0.04625511667193383,75.44170629989313,0x37c43adb3a880c5ea4726b6174b62e884d5c275a6a6e50590964b4f6ff1a7f17,fei.eth,FIP-44: PCV Allocation into Idle Finance,2021-11-23 13:14:23,2021-12-03 13:14:23,0.15,"['sentiment_analysis', 'structural_analysis']",57
1642723200000,2022-01-21,2022-01-21,0.9865249991416931,120077577.56462884,0.9974889755249023,0.9700549840927124,0.9924520254135132,yahoo_finance,-0.6206368041996035,62.54715774525832,0x37c43adb3a880c5ea4726b6174b62e884d5c275a6a6e50590964b4f6ff1a7f17,fei.eth,FIP-44: PCV Allocation into Idle Finance,2021-11-23 13:14:23,2021-12-03 13:14:23,0.15,"['sentiment_analysis', 'structural_analysis']",58
1642809600000,2022-01-22,2022-01-22,0.988411009311676,113699820.37584543,0.998320996761322,0.9780309796333313,0.9854120016098022,yahoo_finance,0.19117712897531725,-5.311363968306848,0x37c43adb3a880c5ea4726b6174b62e884d5c275a6a6e50590964b4f6ff1a7f17,fei.eth,FIP-44: PCV Allocation into Idle Finance,2021-11-23 13:14:23,2021-12-03 13:14:23,0.15,"['sentiment_analysis', 'structural_analysis']",59
1642896000000,2022-01-23,2022-01-23,0.9948310256004333,64761227.57252574,0.9976909756660461,0.9800419807434082,0.9888669848442078,yahoo_finance,0.6495290145774657,-43.04192622428828,0x37c43adb3a880c5ea4726b6174b62e884d5c275a6a6e50590964b4f6ff1a7f17,fei.eth,FIP-44: PCV Allocation into Idle Finance,2021-11-23 13:14:23,2021-12-03 13:14:23,0.15,"['sentiment_analysis', 'structural_analysis']",60
1642982400000,2022-01-24,2022-01-24,0.9917100071907043,157831014.57710326,1.000257968902588,0.980072021484375,0.9948980212211609,yahoo_finance,-0.3137234695555713,143.71220326290012,0x37c43adb3a880c5ea4726b6174b62e884d5c275a6a6e50590964b4f6ff1a7f17,fei.eth,FIP-44: PCV Allocation into Idle Finance,2021-11-23 13:14:23,2021-12-03 13:14:23,0.15,"['sentiment_analysis', 'structural_analysis']",61
1643068800000,2022-01-25,2022-01-25,0.9928380250930786,53647012.826393485,0.9972659945487976,0.9811210036277771,0.991703987121582,yahoo_finance,0.11374473325822532,-66.00984098712362,0x37c43adb3a880c5ea4726b6174b62e884d5c275a6a6e50590964b4f6ff1a7f17,fei.eth,FIP-44: PCV Allocation into Idle Finance,2021-11-23 13:14:23,2021-12-03 13:14:23,0.15,"['sentiment_analysis', 'structural_analysis']",62
1643155200000,2022-01-26,2022-01-26,0.9940879940986633,38807493.41096592,1.0032479763031006,0.9886559844017029,0.992812991142273,yahoo_finance,0.12589858305109836,-27.66140859221663,0x37c43adb3a880c5ea4726b6174b62e884d5c275a6a6e50590964b4f6ff1a7f17,fei.eth,FIP-44: PCV Allocation into Idle Finance,2021-11-23 13:14:23,2021-12-03 13:14:23,0.15,"['sentiment_analysis', 'structural_analysis']",63
1643241600000,2022-01-27,2022-01-27,0.9954710006713867,43576268.21472263,0.9974960088729858,0.9868950247764587,0.9940320253372192,yahoo_finance,0.13912315418087573,12.288283484985897,0x37c43adb3a880c5ea4726b6174b62e884d5c275a6a6e50590964b4f6ff1a7f17,fei.eth,FIP-44: PCV Allocation into Idle Finance,2021-11-23 13:14:23,2021-12-03 13:14:23,0.15,"['sentiment_analysis', 'structural_analysis']",64
1643328000000,2022-01-28,2022-01-28,0.9988740086555481,47089870.4429701,1.0032440423965454,0.9866750240325928,0.9954500198364258,yahoo_finance,0.34184903245462195,8.063109513954124,0x37c43adb3a880c5ea4726b6174b62e884d5c275a6a6e50590964b4f6ff1a7f17,fei.eth,FIP-44: PCV Allocation into Idle Finance,2021-11-23 13:14:23,2021-12-03 13:14:23,0.15,"['sentiment_analysis', 'structural_analysis']",65
1643414400000,2022-01-29,2022-01-29,0.9936559796333313,52529628.33159596,1.0006810426712036,0.991910994052887,0.9988639950752258,yahoo_finance,-0.5223911100900591,11.551864206578944,0x37c43adb3a880c5ea4726b6174b62e884d5c275a6a6e50590964b4f6ff1a7f17,fei.eth,FIP-44: PCV Allocation into Idle Finance,2021-11-23 13:14:23,2021-12-03 13:14:23,0.15,"['sentiment_analysis', 'structural_analysis']",66
1643500800000,2022-01-30,2022-01-30,0.9956849813461304,11325731.465405703,1.0003010034561157,0.9878209829330444,0.9937570095062256,yahoo_finance,0.20419559227609074,-78.43934589844908,0x37c43adb3a880c5ea4726b6174b62e884d5c275a6a6e50590964b4f6ff1a7f17,fei.eth,FIP-44: PCV Allocation into Idle Finance,2021-11-23 13:14:23,2021-12-03 13:14:23,0.15,"['sentiment_analysis', 'structural_analysis']",67
1643587200000,2022-01-31,2022-01-31,0.9965810179710388,43452263.8157773,1.0029489994049072,0.9876090288162231,0.9956849813461304,yahoo_finance,0.08999197956134353,283.65966868013487,0x37c43adb3a880c5ea4726b6174b62e884d5c275a6a6e50590964b4f6ff1a7f17,fei.eth,FIP-44: PCV Allocation into Idle Finance,2021-11-23 13:14:23,2021-12-03 13:14:23,0.15,"['sentiment_analysis', 'structural_analysis']",68
1643673600000,2022-02-01,2022-02-01,0.997314989566803,25912155.28178054,1.0001989603042603,0.9883919954299927,0.996554970741272,yahoo_finance,0.07364896406099053,-40.366385991673084,0x37c43adb3a880c5ea4726b6174b62e884d5c275a6a6e50590964b4f6ff1a7f17,fei.eth,FIP-44: PCV Allocation into Idle Finance,2021-11-23 13:14:23,2021-12-03 13:14:23,0.15,"['sentiment_analysis', 'structural_analysis']",69
1643760000000,2022-02-02,2022-02-02,0.991021990776062,23238405.290168524,0.9980930089950562,0.984836995601654,0.997327983379364,yahoo_finance,-0.6309941048288525,-10.31851639717517,0x37c43adb3a880c5ea4726b6174b62e884d5c275a6a6e50590964b4f6ff1a7f17,fei.eth,FIP-44: PCV Allocation into Idle Finance,2021-11-23 13:14:23,2021-12-03 13:14:23,0.15,"['sentiment_analysis', 'structural_analysis']",70
1643846400000,2022-02-03,2022-02-03,0.9958239793777466,15822839.402361035,0.9975050091743469,0.9869940280914307,0.9906269907951355,yahoo_finance,0.48454914687858786,-31.910820881262424,0x37c43adb3a880c5ea4726b6174b62e884d5c275a6a6e50590964b4f6ff1a7f17,fei.eth,FIP-44: PCV Allocation into Idle Finance,2021-11-23 13:14:23,2021-12-03 13:14:23,0.15,"['sentiment_analysis', 'structural_analysis']",71
1643932800000,2022-02-04,2022-02-04,0.9965419769287109,28008779.90384102,1.000303030014038,0.985385000705719,0.995917022228241,yahoo_finance,0.0721008497317932,77.01487825037039,0x37c43adb3a880c5ea4726b6174b62e884d5c275a6a6e50590964b4f6ff1a7f17,fei.eth,FIP-44: PCV Allocation into Idle Finance,2021-11-23 13:14:23,2021-12-03 13:14:23,0.15,"['sentiment_analysis', 'structural_analysis']",72
1644019200000,2022-02-05,2022-02-05,0.9937880039215088,17174233.849325895,1.0013149976730347,0.9903659820556641,0.99692302942276,yahoo_finance,-0.2763529355471528,-38.68267768789641,0x37c43adb3a880c5ea4726b6174b62e884d5c275a6a6e50590964b4f6ff1a7f17,fei.eth,FIP-44: PCV Allocation into Idle Finance,2021-11-23 13:14:23,2021-12-03 13:14:23,0.15,"['sentiment_analysis', 'structural_analysis']",73
1644105600000,2022-02-06,2022-02-06,1.000169038772583,8610264.222506762,1.000169038772583,0.9917899966239929,0.9938539862632751,yahoo_finance,0.6420921590816642,-49.865220783372976,0x37c43adb3a880c5ea4726b6174b62e884d5c275a6a6e50590964b4f6ff1a7f17,fei.eth,FIP-44: PCV Allocation into Idle Finance,2021-11-23 13:14:23,2021-12-03 13:14:23,0.15,"['sentiment_analysis', 'structural_analysis']",74
1644192000000,2022-02-07,2022-02-07,0.9970750212669373,15741549.23135662,1.0024499893188477,0.9920759797096252,1.000133991241455,yahoo_finance,-0.3093494585118095,82.82306819585243,0x37c43adb3a880c5ea4726b6174b62e884d5c275a6a6e50590964b4f6ff1a7f17,fei.eth,FIP-44: PCV Allocation into Idle Finance,2021-11-23 13:14:23,2021-12-03 13:14:23,0.15,"['sentiment_analysis', 'structural_analysis']",75
1644278400000,2022-02-08,2022-02-08,0.9956769943237305,16698934.978326797,1.0018199682235718,0.9897710084915161,0.9970870018005371,yahoo_finance,-0.14021281381920714,6.081902949317697,0x37c43adb3a880c5ea4726b6174b62e884d5c275a6a6e50590964b4f6ff1a7f17,fei.eth,FIP-44: PCV Allocation into Idle Finance,2021-11-23 13:14:23,2021-12-03 13:14:23,0.15,"['sentiment_analysis', 'structural_analysis']",76
1644364800000,2022-02-09,2022-02-09,0.9972299933433533,13744221.663025439,1.0028059482574463,0.9892609715461731,0.9956110119819641,yahoo_finance,0.15597417922441625,-17.694022517820564,0x37c43adb3a880c5ea4726b6174b62e884d5c275a6a6e50590964b4f6ff1a7f17,fei.eth,FIP-44: PCV Allocation into Idle Finance,2021-11-23 13:14:23,2021-12-03 13:14:23,0.15,"['sentiment_analysis', 'structural_analysis']",77
1644451200000,2022-02-10,2022-02-10,0.9924870133399963,42433184.77816951,1.0019160509109497,0.9872369766235352,0.9973509907722473,yahoo_finance,-0.4756154583212435,208.7347237153692,0x37c43adb3a880c5ea4726b6174b62e884d5c275a6a6e50590964b4f6ff1a7f17,fei.eth,FIP-44: PCV Allocation into Idle Finance,2021-11-23 13:14:23,2021-12-03 13:14:23,0.15,"['sentiment_analysis', 'structural_analysis']",78
1644537600000,2022-02-11,2022-02-11,0.9946410059928894,25989631.308652163,0.9997159838676453,0.9804880023002625,0.9924600124359131,yahoo_finance,0.2170298073366439,-38.75163637959369,0x37c43adb3a880c5ea4726b6174b62e884d5c275a6a6e50590964b4f6ff1a7f17,fei.eth,FIP-44: PCV Allocation into Idle Finance,2021-11-23 13:14:23,2021-12-03 13:14:23,0.15,"['sentiment_analysis', 'structural_analysis']",79
1644624000000,2022-02-12,2022-02-12,0.997098982334137,10895454.133208394,1.0024540424346924,0.9852319955825806,0.9946320056915283,yahoo_finance,0.24712195922325098,-58.077688737426584,0x37c43adb3a880c5ea4726b6174b62e884d5c275a6a6e50590964b4f6ff1a7f17,fei.eth,FIP-44: PCV Allocation into Idle Finance,2021-11-23 13:14:23,2021-12-03 13:14:23,0.15,"['sentiment_analysis', 'structural_analysis']",80
1644710400000,2022-02-13,2022-02-13,0.9907450079917908,8599505.177932441,1.002416968345642,0.9867140054702759,0.9970790147781372,yahoo_finance,-0.6372460964178317,-21.07254022829669,0x37c43adb3a880c5ea4726b6174b62e884d5c275a6a6e50590964b4f6ff1a7f17,fei.eth,FIP-44: PCV Allocation into Idle Finance,2021-11-23 13:14:23,2021-12-03 13:14:23,0.15,"['sentiment_analysis', 'structural_analysis']",81
1644796800000,2022-02-14,2022-02-14,0.994038999080658,21333615.692641497,1.001531958580017,0.9869120121002197,0.9905740022659302,yahoo_finance,0.3324761732127257,148.0795726175804,0x37c43adb3a880c5ea4726b6174b62e884d5c275a6a6e50590964b4f6ff1a7f17,fei.eth,FIP-44: PCV Allocation into Idle Finance,2021-11-23 13:14:23,2021-12-03 13:14:23,0.15,"['sentiment_analysis', 'structural_analysis']",82
1644883200000,2022-02-15,2022-02-15,1.0014920234680176,14587631.663140774,1.0025349855422974,0.9898980259895325,0.9940540194511414,yahoo_finance,0.7497718292997169,-31.621381610561137,0x37c43adb3a880c5ea4726b6174b62e884d5c275a6a6e50590964b4f6ff1a7f17,fei.eth,FIP-44: PCV Allocation into Idle Finance,2021-11-23 13:14:23,2021-12-03 13:14:23,0.15,"['sentiment_analysis', 'structural_analysis']",83
1644969600000,2022-02-16,2022-02-16,0.9943689703941345,8141182.155773342,1.0017060041427612,0.9882689714431763,1.0015510320663452,yahoo_finance,-0.7112441144780157,-44.19120016346427,0x37c43adb3a880c5ea4726b6174b62e884d5c275a6a6e50590964b4f6ff1a7f17,fei.eth,FIP-44: PCV Allocation into Idle Finance,2021-11-23 13:14:23,2021-12-03 13:14:23,0.15,"['sentiment_analysis', 'structural_analysis']",84
1645056000000,2022-02-17,2022-02-17,0.9949319958686829,8861635.427503288,0.9993730187416077,0.9843310117721558,0.9942299723625183,yahoo_finance,0.05662138414528339,8.84949210010042,0x37c43adb3a880c5ea4726b6174b62e884d5c275a6a6e50590964b4f6ff1a7f17,fei.eth,FIP-44: PCV Allocation into Idle Finance,2021-11-23 13:14:23,2021-12-03 13:14:23,0.15,"['sentiment_analysis', 'structural_analysis']",85
1645142400000,2022-02-18,2022-02-18,0.9894369840621948,16263342.066172838,1.001121997833252,0.9825929999351501,0.9950699806213379,yahoo_finance,-0.5523002405496413,83.52528942566684,0x37c43adb3a880c5ea4726b6174b62e884d5c275a6a6e50590964b4f6ff1a7f17,fei.eth,FIP-44: PCV Allocation into Idle Finance,2021-11-23 13:14:23,2021-12-03 13:14:23,0.15,"['sentiment_analysis', 'structural_analysis']",86
1645228800000,2022-02-19,2022-02-19,0.999504029750824,16096806.501306891,1.001533031463623,0.987617015838623,0.9894090294837952,yahoo_finance,1.0174519298134843,-1.0239934952381957,0x37c43adb3a880c5ea4726b6174b62e884d5c275a6a6e50590964b4f6ff1a7f17,fei.eth,FIP-44: PCV Allocation into Idle Finance,2021-11-23 13:14:23,2021-12-03 13:14:23,0.15,"['sentiment_analysis', 'structural_analysis']",87
1645315200000,2022-02-20,2022-02-20,0.9957540035247803,14761810.138278008,1.0004260540008545,0.9881060123443604,0.9995660185813904,yahoo_finance,-0.3751887050398972,-8.293547933998557,0x37c43adb3a880c5ea4726b6174b62e884d5c275a6a6e50590964b4f6ff1a7f17,fei.eth,FIP-44: PCV Allocation into Idle Finance,2021-11-23 13:14:23,2021-12-03 13:14:23,0.15,"['sentiment_analysis', 'structural_analysis']",88
1645401600000,2022-02-21,2022-02-21,0.9892789721488953,8370218.155265808,1.0043519735336304,0.9845139980316162,0.9958249926567078,yahoo_finance,-0.650264156906688,-43.298158715905224,0x37c43adb3a880c5ea4726b6174b62e884d5c275a6a6e50590964b4f6ff1a7f17,fei.eth,FIP-44: PCV Allocation into Idle Finance,2021-11-23 13:14:23,2021-12-03 13:14:23,0.15,"['sentiment_analysis', 'structural_analysis']",89
1645488000000,2022-02-22,2022-02-22,0.9996089935302734,14873160.22333908,1.0040760040283203,0.985069990158081,0.9891960024833679,yahoo_finance,1.0441970032921466,77.69142867539469,0x37c43adb3a880c5ea4726b6174b62e884d5c275a6a6e50590964b4f6ff1a7f17,fei.eth,FIP-44: PCV Allocation into Idle Finance,2021-11-23 13:14:23,2021-12-03 13:14:23,0.15,"['sentiment_analysis', 'structural_analysis']",90
1645574400000,2022-02-23,2022-02-23,0.990460991859436,22446320.247092485,1.009045958518982,0.9834020137786865,0.9996410012245178,yahoo_finance,-0.9151579997824788,50.91829786025932,0x37c43adb3a880c5ea4726b6174b62e884d5c275a6a6e50590964b4f6ff1a7f17,fei.eth,FIP-44: PCV Allocation into Idle Finance,2021-11-23 13:14:23,2021-12-03 13:14:23,0.15,"['sentiment_analysis', 'structural_analysis']",91
1645660800000,2022-02-24,2022-02-24,0.9927049875259399,30711706.317560077,1.0058770179748535,0.9826570153236389,0.9905670285224915,yahoo_finance,0.22656073131068766,36.822900054356225,0x37c43adb3a880c5ea4726b6174b62e884d5c275a6a6e50590964b4f6ff1a7f17,fei.eth,FIP-44: PCV Allocation into Idle Finance,2021-11-23 13:14:23,2021-12-03 13:14:23,0.15,"['sentiment_analysis', 'structural_analysis']",92
1645747200000,2022-02-25,2022-02-25,0.9947770237922668,21781563.10467869,1.0039390325546265,0.9891049861907959,0.9927489757537842,yahoo_finance,0.20872628750370215,-29.077326803478144,0x37c43adb3a880c5ea4726b6174b62e884d5c275a6a6e50590964b4f6ff1a7f17,fei.eth,FIP-44: PCV Allocation into Idle Finance,2021-11-23 13:14:23,2021-12-03 13:14:23,0.15,"['sentiment_analysis', 'structural_analysis']",93
1645833600000,2022-02-26,2022-02-26,0.990218997001648,6953767.356370211,1.0045900344848633,0.990218997001648,0.9948239922523499,yahoo_finance,-0.4581958249541107,-68.07498468796054,0x37c43adb3a880c5ea4726b6174b62e884d5c275a6a6e50590964b4f6ff1a7f17,fei.eth,FIP-44: PCV Allocation into Idle Finance,2021-11-23 13:14:23,2021-12-03 13:14:23,0.15,"['sentiment_analysis', 'structural_analysis']",94
1645920000000,2022-02-27,2022-02-27,0.9968609809875488,5824049.629850864,1.0010199546813965,0.9836519956588745,0.9901940226554871,yahoo_finance,0.670759095312512,-16.246124850358047,0x37c43adb3a880c5ea4726b6174b62e884d5c275a6a6e50590964b4f6ff1a7f17,fei.eth,FIP-44: PCV Allocation into Idle Finance,2021-11-23 13:14:23,2021-12-03 13:14:23,0.15,"['sentiment_analysis', 'structural_analysis']",95
1646006400000,2022-02-28,2022-02-28,1.001481056213379,9850534.62003994,1.0098819732666016,0.9915630221366882,0.9968420267105103,yahoo_finance,0.4634623396788218,69.13548554860411,0x37c43adb3a880c5ea4726b6174b62e884d5c275a6a6e50590964b4f6ff1a7f17,fei.eth,FIP-44: PCV Allocation into Idle Finance,2021-11-23 13:14:23,2021-12-03 13:14:23,0.15,"['sentiment_analysis', 'structural_analysis']",96
1646092800000,2022-03-01,2022-03-01,1.0012929439544678,8384345.490768671,1.0046910047531128,0.9896619915962219,1.0015499591827393,yahoo_finance,-0.018783406610045628,-14.884360959337695,0x37c43adb3a880c5ea4726b6174b62e884d5c275a6a6e50590964b4f6ff1a7f17,fei.eth,FIP-44: PCV Allocation into Idle Finance,2021-11-23 13:14:23,2021-12-03 13:14:23,0.15,"['sentiment_analysis', 'structural_analysis']",97
1646179200000,2022-03-02,2022-03-02,0.9960860013961792,10749211.283680797,1.0034259557724,0.9855909943580627,1.001291036605835,yahoo_finance,-0.5200218966613823,28.205729302494632,0x37c43adb3a880c5ea4726b6174b62e884d5c275a6a6e50590964b4f6ff1a7f17,fei.eth,FIP-44: PCV Allocation into Idle Finance,2021-11-23 13:14:23,2021-12-03 13:14:23,0.15,"['sentiment_analysis', 'structural_analysis']",98
